%YAML:1.0
radius: 15
centers:
  - x: 415
    y: -150
  - x: 415
    y: -90
  - x: 415
    y: -30
  - x: 415
    y: 30
  - x: 415
    y: 90
  - x: 415
    y: 150
  - x: 40
    y: 225
  - x: 100
    y: 225
  - x: 160
    y: 225
  - x: 220
    y: 225
  - x: 280
    y: 225
  - x: 340
    y: 225
  - x: 40
    y: -225
  - x: 100
    y: -225
  - x: 160
    y: -225
  - x: 220
    y: -225
  - x: 280
    y: -225
  - x: 340
    y: -225
  - x: -35
    y: -150
  - x: -35
    y: -90
  - x: -35
    y: 90
  - x: -35
    y: 150